Part one:
13522479
1234860
9355480
7934033
5300778
10310799
207476
7643387
570284
2379942
10109149
10228340
13580801
9630854
13570299
14789434
1265712
4888853
9990781
16251040
1182233
13242122
7485618
14860803
7486416
16554984
16583870
8872393
16718197
2012249
8324008
370556
1497790
7490693
15220192
7409116
6582200
5926362
4562240
12809936
1420795
10505969
13858704
13021860
14973119
9781792
11494941
1792006
4625559
13910362
3254514
5810717
2463544
7100034
4438943
14649461
10990896
1605102
14983606
127702
1119859
10330638
6355199
4782132
5644379
14645442
10342039
1792310
517856
2595207
10378343
185882
14745625
2693098
13644132
14553844
8372503
9888199
447487
11932633
11292247
15924902
3882677
13178858
7410756
6926719
16390333
10527564
6970750
1464972
8251343
2335247
15411284
1202721
7457650
11745960
10651383
3357904
9716705
3244905
8805621
10283548
6670737
9294399
12554466
5860591
13740672
8353145
5401249
10517314
7951704
11248716
5008997
14080560
8464059
15492038
465552
8426539
106644
10447307
14748139
12446849
2156834
3031286
11074923
16387053
9555831
4964491
12479214
8608093
3017469
3829930
12855419
11121892
11364455
3213984
7891289
9484051
2453191
9107774
10558440
10431946
3902012
10339227
15117455
9339642
13478537
10956472
12851831
12983674
6208884
14332842
15581638
5773950
8096411
11264296
1448142
917891
3222331
6674035
15999978
12415828
2942234
11756670
4641715
8717813
3275367
15067214
15807085
131576
6147110
374881
15453254
3148827
10614700
1958226
5469458
3245784
2747677
8259987
11511043
12952351
11785715
14203211
3017849
6871888
8787930
14741886
7247058
1786163
12128399
12491012
12219766
8399548
5327613
6115104
7289370
11268225
7264896
10317107
6045873
8903750
4958687
15628171
13274297
4073924
6147398
7947642
13679554
1601832
137432
2785381
14998268
7261369
14833040
2518210
12888323
3919157
291777
8761225
9885245
2093390
12726828
9949099
5147113
2277717
6798189
1094475
5562507
13160508
4017035
16193671
9839646
5725855
8038300
2690160
3609571
6042645
7436550
7694434
14708121
9464367
11843126
1818227
6912420
7166020
13001975
10949450
15017290
5484086
16326069
11520891
1921405
10678003
14739116
396745
10321729
13663805
1659892
9525582
15939066
3761840
7287901
14780900
10306236
11383817
8975122
12135032
4133977
10321256
14551408
6688202
189364
12954988
10106404
11059007
13862107
2843226
6230461
1815305
1974611
5785979
1406361
8609459
531580
13723127
8987697
10855662
5886569
5729476
16688569
9090961
8640287
5375473
15483445
7206324
6321340
10610455
13203827
14660737
164064
1211941
15048386
11812495
9113750
11689487
1784672
8633040
3542111
15894074
15533305
14023794
7359965
6945355
9838242
13166869
9961207
6845060
15317717
11856544
16746085
13244398
8816742
413579
2152153
10456208
4891157
3181310
4369491
12973818
15020783
7197466
12815932
8818519
10844605
2306419
7865623
15653225
14046341
844148
15245672
9099064
13866340
4269582
6497519
1766566
15855923
1187633
16183295
4699237
14782532
8102379
10025399
16470781
13129206
16519414
16228053
2273854
5228321
10963275
8033443
4382458
2242881
4526761
7887464
3241753
14770777
1128316
10599122
6156175
9205175
9296533
2206348
577485
6620053
9382005
5652064
4724751
10479228
14311587
12769670
3607432
14798028
11620703
10874645
8641601
3102356
6087051
11066957
4187596
2535354
2522326
10881807
411745
7118380
6454213
12041191
11674697
4491332
2010863
4721652
55638
9087202
6644875
3642704
4395614
641857
6060877
6974589
12166928
12510966
4951441
13830661
2746574
10637657
8040777
374977
12479334
12996606
1106018
12396165
2244440
12906100
10078645
7411623
13823427
5232755
9308714
10051681
4173450
8211605
4198718
9714514
12213060
10279868
13063322
6479251
7716483
1162866
5934883
8157821
10217140
15109407
4573763
13272654
2491069
3881674
13574101
13705151
6828915
7237067
1102015
66844
9338080
4143557
14865705
3351517
12267527
2877154
5604665
7423459
13045365
10372862
5279529
9410113
2795778
10229380
8194581
2176012
615687
3242697
12641172
15282294
7712793
4087286
3236624
13987066
8638949
286157
3131271
7791869
7678028
7655479
13666000
10743141
5680617
9121457
8776830
14288065
11776196
12312913
15562953
13494454
13799965
6292190
1438651
7993543
5302292
4355523
8242571
2670449
4577169
4049661
4886340
838272
12236461
6566282
2764322
7229953
7515582
14046324
12206065
4551575
16377003
6901260
4329961
13986201
2379335
1865886
2867157
3009235
7252502
1683493
1847142
8570604
14566943
5569948
9683124
13507153
1537878
15711554
7894948
13461890
11302778
3509664
381872
3412838
16424120
15318289
8667967
917555
13913746
3800703
12756562
3260369
2130441
13345900
534053
10133756
3392993
8411749
2813304
3825130
15927680
13102934
14810506
13175138
778766
13555769
16045276
13846707
13128198
15039227
6875910
10392428
8632696
11685150
783860
3473030
14722795
3643382
1701282
11829194
8554672
6945245
8635199
874973
2460971
12389137
2498617
651692
7666036
9532984
38349
7101011
12538694
15369286
7292947
5902426
6190731
6405584
10216532
6547597
10531460
2275453
9572324
6129656
13219994
12972205
6217122
12231092
13500066
104327
13115667
13379017
10803547
4710157
8276175
16511998
10938530
4924863
15828423
12605729
4767603
7323031
9759155
6533237
15430212
3497579
6010506
5868049
15395892
14214501
13427891
6550080
10127559
15853402
6263964
307457
3217943
6204542
11739295
8814914
7291088
3187673
10950757
10514344
4783550
2945718
10603127
2345374
9086176
16490753
11029337
7383413
1143567
3182295
15017618
9021511
7469940
4027902
9864234
9615331
1733901
14739921
4320755
10901757
8646448
15001804
5612359
369691
12015392
9031552
7304222
11534263
2196101
2514080
10435181
7316346
1551746
5648012
10341059
9514134
5812941
4007440
6871017
899729
9252000
8734815
14784560
14319927
9322587
1580874
7765148
14455217
6385231
8390506
3823900
11121618
8251352
5202170
14480183
12679571
7549833
14904091
8255161
6347716
11657758
12814539
2986334
1902038
3324130
9245523
16170839
9870141
5722283
14996834
4863278
11593300
2755889
14606597
10502961
15080285
4321275
8208647
4570433
13150787
5171802
4503313
13584989
13782506
767352
14260242
4236325
2377586
354176
2727370
4592602
4230106
8112656
585303
5228986
4127832
5970109
16760940
14466077
14320486
2275594
3873108
12138426
7865636
3017120
10380234
13376834
5542862
1419344
2692579
16655789
5179181
14652015
16426616
2278283
1981025
11835926
14673879
11341725
2003409
4057925
10784117
10842255
11239944
5344199
3114647
15464756
13699274
3501157
963254
8581549
16024261
3317244
4401726
11436601
4439382
2931260
1061489
3421604
14177636
4620368
10153953
5857335
3354156
10942615
9820606
1637494
13022357
4953428
6987782
5753359
14671608
11886031
15366589
6919349
8930122
4685168
11432470
1667693
2719216
16675084
6374886
12946622
5271265
3512336
9569011
11423088
9863902
5086413
10541350
4340786
10772311
4399511
13042323
1046540
5857573
11776783
13902541
3689940
388088
13782038
2964995
5886554
951271
13147545
16304855
5170566
14845880
1663452
15521700
4395870
14798330
6875906
9118240
10813647
6383064
8509268
5349450
8923965
13110241
2438317
1833702
3741257
16364840
4460444
11608582
5035587
15905362
8529037
6212160
14030387
2991632
5905849
2383037
2764030
15442915
9616225
171467
2406987
5312502
7514168
1241957
14021135
2031242
14547205
14582195
15531579
2957186
10144544
5170080
11592372
10264941
5683475
10166779
364487
4400567
12752855
1052185
2627352
13858126
14016460
11367446
13071625
8023145
6850372
7003970
10754314
12328458
806319
2479509
8456567
2723525
8756580
11717948
10429486
11349799
14768815
15934870
13839028
8182955
2918512
14445355
12956519
9566427
13254808
8188965
14775894
14866679
10778322
80919
14599424
15182166
15821908
7936967
14061151
4508428
9909042
6340082
4269914
11309132
7224007
16045208
8962727
3465566
10873598
12080687
16562298
6205449
14317972
9581754
13223703
15817483
12458451
10960915
13781498
16347076
2724762
15509776
10696228
11586199
13593262
6052685
6952285
11874257
2340133
6179633
6542223
15872509
15200453
16102816
8868056
15717385
13346760
5200932
7125745
12604384
14225674
3166718
2756898
16122636
8916752
5047566
9886746
8774219
7472382
7576851
1506675
9314175
15647005
2402953
16662656
3970585
1427396
8732646
14266228
8731274
14840835
10577778
8547956
5640095
13750405
11020942
10087627
6579732
10825773
13532162
4752523
1819836
14441893
4623575
4931666
11010035
4004513
623168
12507193
14990892
14384397
6426585
16239703
9354914
12751197
11468341
13737382
4195942
952919
16040440
5451276
2857879
10497205
16742282
14010134
16289724
198690
3518931
6167101
4563466
16059115
11144086
10124754
14631160
6533025
15289807
10393577
4413667
10551542
1765585
6481984
2780557
10425401
6454056
12360960
330808
175791
16043904
14421314
14974702
9029043
16203117
5253229
15795166
8307364
1850935
4619398
4284031
13172234
1753235
11864438
5831726
11081725
11354381
9644867
15680513
2309408
308954
8907279
1079848
9577985
7760126
14201603
12584139
13248292
3201656
3682993
9667356
7512820
9744387
15965236
6297325
4133644
5191096
5484734
4075327
15165053
2508430
12026033
14879268
13675915
3994933
13034367
8988201
3065800
11720208
6381163
8910062
12353967
12016825
11111096
6756297
7217819
14595324
5790913
7464966
2004633
6670010
13439839
7433723
16524069
520909
15425546
15418011
6011888
8478912
16076623
15500511
5830788
15405307
16634606
8572015
9355758
12321324
1131641
9128254
2047160
753597
9987947
5790935
14473000
14173306
5849385
13028667
11428919
15315714
13319976
8686876
13937236
11377889
6461378
4813610
15473408
8646230
12950117
7339044
9346033
12201903
8682145
5434808
10070882
9262864
1167042
6263971
2537286
11713794
331216
12419760
9714629
15291533
4578706
5420966
11639430
16533115
3298810
7908752
16565772
1583741
11960088
2316752
16546854
2474353
15849303
13685779
14555260
4754053
961312
12699132
9592960
13653013
15103138
11158699
1649618
2861408
6618366
11021425
12385494
4078657
15286920
16604913
11543956
8852600
8163725
5368451
918322
5732970
1660585
11326760
16251640
7195667
12154088
13648419
16404522
1488923
11118362
14642052
7884568
6586166
6469444
15030640
15527964
12995415
8723289
13366201
2572851
10298444
3997195
9623138
13616033
3546471
7444251
2870495
5679478
16525956
12437673
8582166
10393083
15388999
7140875
197802
6992647
6609437
11676396
7135603
4476213
861551
3036141
8745531
10686174
7893501
7205383
9406586
7311711
6569919
16511343
4182227
9469138
16592913
10411958
800866
16209777
5496963
10480334
13172253
7805628
13046079
2086311
13795019
13470932
12806491
14997671
2203576
9867294
7898283
15176492
9767632
12994229
1438774
13337697
13784948
4080240
14534171
4253178
543098
12593110
8912384
10995647
16761165
1970377
4041076
14175488
10508828
15222573
8067853
5274855
2287648
5146733
15730280
13188237
15036122
11035559
2886679
9076916
12935353
1550710
12308420
15483152
14818044
6995747
857053
1363605
8970168
16765398
3679428
2078503
1311645
6658461
4694899
13463173
15931920
16759119
6796199
6981713
8656136
3288352
9740794
16516978
14543752
9116174
9268529
4354395
2373871
12374832
8318670
580513
11486717
8636109
4691986
11392287
13384717
8080134
11467090
2524528
5134974
7482029
16404038
15649725
10385827
10406019
11277626
5074446
3144187
14369467
15151008
6803496
7965209
3275820
7808671
5913732
4920309
13094471
12630740
8902037
14914669
10811632
4485059
7321611
11820722
3507983
3471447
15475544
15712422
15110203
5630850
15019844
10919806
222034
15202598
8976020
12129481
3706550
5032759
7356539
9797408
2624562
636873
1134833
15904978
4212891
12639032
6941914
8194785
50736
13222101
10800534
4621698
12977588
3696362
8986411
5270879
15053617
11250873
1987460
7798144
3004374
7670612
2319322
10302110
10204863
10191360
1741439
8607164
10207974
7942993
14238069
12118879
10460599
6316291
1473377
8732599
16071735
7317852
9825310
1539153
1015104
9229086
16198888
